[13, 14, 18, 15, 11, 12, 79, 76, 73, 71, 72, 63, 60, 62, 65, 130, 127, 128, 129, 182, 183, 186, 181, 185, 354, 355, 356, 357, 352, 221, 225, 217, 214, 216, 215, 379, 223, 220, 218, 381][19, 20, 8, 6, 7, 257, 258, 259, 260, 261, 262, 263, 3, 0, 1, 253, 252, 251, 28, 29, 23, 25, 24, 247, 63, 60, 61, 56, 50, 57, 239, 234, 288, 198, 199, 382][131, 126, 125, 188, 265, 149, 150, 134, 136, 138, 255, 256, 148, 144, 140, 139, 141, 276, 279, 278, 178, 176, 175, 177, 168, 166, 167, 378, 377, 376, 156, 155, 224, 219, 218, 381][119, 124, 371, 94, 93, 91, 92, 84, 240, 68, 90, 87, 85, 86, 100, 241, 242, 243, 370, 120, 118, 116, 117, 115, 113, 114, 121, 122, 123, 235, 198, 199, 382][380, 154, 153, 267, 152, 151, 141, 276, 279, 278, 178, 277, 272, 271, 292, 264, 291, 226, 222, 221, 225, 217, 214, 213, 366, 343, 331, 329, 328, 304, 299, 382][12, 79, 103, 104, 98, 99, 90, 68, 54, 67, 64, 56, 50, 48, 47, 179, 189, 298, 296, 295, 339, 340, 341, 336, 332, 334, 329, 328, 304, 299, 382][245, 246, 72, 63, 75, 62, 56, 50, 57, 239, 47, 280, 281, 285, 284, 206, 207, 208, 313, 324, 297, 338, 337, 367, 343, 331, 329, 328, 304, 299, 382][19, 18, 14, 13, 77, 76, 102, 97, 96, 89, 88, 85, 86, 105, 82, 107, 120, 118, 116, 117, 115, 113, 114, 121, 122, 123, 235, 198, 199, 382][256, 148, 144, 142, 143, 145, 146, 147, 154, 380, 270, 269, 268, 374, 372, 373, 375, 266, 166, 167, 378, 377, 376, 156, 155, 224, 219, 218, 381][9, 10, 17, 248, 78, 73, 69, 106, 90, 87, 85, 86, 105, 82, 107, 120, 118, 116, 117, 115, 113, 114, 121, 122, 123, 235, 198, 199, 382][9, 10, 21, 250, 31, 30, 249, 246, 245, 244, 74, 71, 70, 54, 67, 66, 58, 53, 57, 239, 234, 288, 198, 199, 382][83, 95, 96, 89, 88, 85, 86, 105, 82, 107, 120, 118, 116, 117, 115, 113, 114, 121, 122, 123, 235, 198, 199, 382][42, 137, 38, 37, 36, 35, 34, 33, 32, 22, 41, 39, 133, 65, 55, 179, 47, 239, 234, 288, 198, 199, 382][5, 4, 2, 0, 1, 254, 26, 27, 25, 24, 247, 63, 60, 61, 56, 50, 57, 239, 234, 288, 198, 199, 382][152, 151, 141, 276, 279, 278, 178, 277, 272, 271, 293, 294, 173, 172, 162, 161, 163, 164, 171, 170, 169, 381][347, 365, 364, 343, 342, 333, 332, 336, 335, 344, 330, 329, 320, 321, 316, 319, 318, 326, 327, 304, 299, 382][202, 203, 201, 200, 306, 305, 301, 300, 302, 311, 312, 314, 315, 316, 319, 318, 326, 327, 304, 299, 382][154, 153, 267, 152, 151, 141, 275, 274, 273, 149, 131, 125, 182, 179, 47, 239, 234, 288, 198, 199, 382][180, 353, 358, 359, 360, 361, 362, 363, 349, 348, 350, 337, 367, 343, 331, 329, 328, 304, 299, 382][46, 45, 43, 44, 41, 39, 133, 135, 132, 130, 127, 55, 179, 47, 239, 234, 288, 198, 199, 382][201, 200, 307, 208, 313, 324, 297, 338, 337, 350, 348, 351, 213, 215, 379, 223, 220, 218, 381][230, 231, 229, 227, 157, 158, 171, 164, 174, 165, 160, 159, 156, 155, 224, 219, 218, 381][211, 210, 209, 208, 313, 324, 297, 338, 337, 367, 343, 331, 329, 328, 304, 299, 382][371, 94, 369, 84, 240, 52, 53, 59, 56, 50, 57, 239, 234, 288, 198, 199, 382][80, 81, 107, 120, 118, 116, 117, 115, 113, 114, 121, 122, 123, 235, 198, 199, 382][202, 190, 191, 193, 194, 195, 196, 197, 287, 286, 290, 289, 288, 198, 199, 382][323, 322, 310, 309, 308, 297, 338, 337, 367, 343, 331, 329, 328, 304, 299, 382][94, 371, 124, 110, 108, 195, 196, 197, 287, 286, 290, 289, 288, 198, 199, 382][188, 187, 184, 181, 186, 183, 182, 179, 47, 239, 234, 288, 198, 199, 382][113, 112, 109, 111, 238, 237, 236, 233, 232, 234, 288, 198, 199, 382][330, 344, 335, 347, 365, 364, 343, 366, 368, 379, 223, 220, 218, 381][158, 157, 227, 228, 173, 172, 162, 161, 163, 164, 171, 170, 169, 381][41, 39, 40, 75, 62, 56, 50, 57, 239, 234, 288, 198, 199, 382][303, 317, 346, 328, 345, 325, 318, 326, 327, 304, 299, 382][204, 192, 283, 282, 239, 286, 290, 289, 288, 198, 199, 382]
[13, 14, 18, 15, 11, 12, 79, 76, 73, 71, 72, 63, 60, 62, 65, 130, 127, 128, 129, 182, 183, 186, 181, 185, 354, 355, 356, 357, 352, 221, 225, 217, 214, 216, 215, 379, 223, 220, 218, 381][19, 20, 8, 6, 7, 257, 258, 259, 260, 261, 262, 263, 3, 0, 1, 253, 252, 251, 28, 29, 23, 25, 24, 247, 63, 60, 61, 56, 50, 57, 239, 234, 288, 198, 199, 382][131, 126, 125, 188, 265, 149, 150, 134, 136, 138, 255, 256, 148, 144, 140, 139, 141, 276, 279, 278, 178, 176, 175, 177, 168, 166, 167, 378, 377, 376, 156, 155, 224, 219, 218, 381][119, 124, 371, 94, 93, 91, 92, 84, 240, 68, 90, 87, 85, 86, 100, 241, 242, 243, 370, 120, 118, 116, 117, 115, 113, 114, 121, 122, 123, 235, 198, 199, 382][12, 79, 103, 104, 98, 99, 90, 68, 54, 67, 64, 56, 50, 48, 47, 179, 189, 298, 296, 295, 339, 340, 341, 336, 332, 334, 329, 328, 304, 299, 382][245, 246, 72, 63, 75, 62, 56, 50, 57, 239, 47, 280, 281, 285, 284, 206, 207, 208, 313, 324, 297, 338, 337, 367, 343, 331, 329, 328, 304, 299, 382][19, 18, 14, 13, 77, 76, 102, 97, 96, 89, 88, 85, 86, 105, 82, 107, 120, 118, 116, 117, 115, 113, 114, 121, 122, 123, 235, 198, 199, 382][256, 148, 144, 142, 143, 145, 146, 147, 154, 380, 270, 269, 268, 374, 372, 373, 375, 266, 166, 167, 378, 377, 376, 156, 155, 224, 219, 218, 381][9, 10, 17, 248, 78, 73, 69, 106, 90, 87, 85, 86, 105, 82, 107, 120, 118, 116, 117, 115, 113, 114, 121, 122, 123, 235, 198, 199, 382][9, 10, 21, 250, 31, 30, 249, 246, 245, 244, 74, 71, 70, 54, 67, 66, 58, 53, 57, 239, 234, 288, 198, 199, 382][83, 95, 96, 89, 88, 85, 86, 105, 82, 107, 120, 118, 116, 117, 115, 113, 114, 121, 122, 123, 235, 198, 199, 382][217, 225, 221, 222, 226, 291, 264, 292, 271, 293, 294, 173, 228, 227, 229, 231, 230, 159, 156, 155, 224, 219, 218, 381][42, 137, 38, 37, 36, 35, 34, 33, 32, 22, 41, 39, 133, 65, 55, 179, 47, 239, 234, 288, 198, 199, 382][5, 4, 2, 0, 1, 254, 26, 27, 25, 24, 247, 63, 60, 61, 56, 50, 57, 239, 234, 288, 198, 199, 382][347, 365, 364, 343, 342, 333, 332, 336, 335, 344, 330, 329, 320, 321, 316, 319, 318, 326, 327, 304, 299, 382][152, 151, 141, 276, 279, 278, 178, 277, 272, 271, 293, 294, 173, 172, 162, 161, 163, 164, 171, 170, 169, 381][202, 203, 201, 200, 306, 305, 301, 300, 302, 311, 312, 314, 315, 316, 319, 318, 326, 327, 304, 299, 382][154, 153, 267, 152, 151, 141, 275, 274, 273, 149, 131, 125, 182, 179, 47, 239, 234, 288, 198, 199, 382][180, 353, 358, 359, 360, 361, 362, 363, 349, 348, 350, 337, 367, 343, 331, 329, 328, 304, 299, 382][46, 45, 43, 44, 41, 39, 133, 135, 132, 130, 127, 55, 179, 47, 239, 234, 288, 198, 199, 382][201, 200, 307, 208, 313, 324, 297, 338, 337, 350, 348, 351, 213, 215, 379, 223, 220, 218, 381][230, 231, 229, 227, 157, 158, 171, 164, 174, 165, 160, 159, 156, 155, 224, 219, 218, 381][211, 210, 209, 208, 313, 324, 297, 338, 337, 367, 343, 331, 329, 328, 304, 299, 382][371, 94, 369, 84, 240, 52, 53, 59, 56, 50, 57, 239, 234, 288, 198, 199, 382][80, 81, 107, 120, 118, 116, 117, 115, 113, 114, 121, 122, 123, 235, 198, 199, 382][202, 190, 191, 193, 194, 195, 196, 197, 287, 286, 290, 289, 288, 198, 199, 382][323, 322, 310, 309, 308, 297, 338, 337, 367, 343, 331, 329, 328, 304, 299, 382][94, 371, 124, 110, 108, 195, 196, 197, 287, 286, 290, 289, 288, 198, 199, 382][188, 187, 184, 181, 186, 183, 182, 179, 47, 239, 234, 288, 198, 199, 382][113, 112, 109, 111, 238, 237, 236, 233, 232, 234, 288, 198, 199, 382][330, 344, 335, 347, 365, 364, 343, 366, 368, 379, 223, 220, 218, 381][41, 39, 40, 75, 62, 56, 50, 57, 239, 234, 288, 198, 199, 382][303, 317, 346, 328, 345, 325, 318, 326, 327, 304, 299, 382][204, 192, 283, 282, 239, 286, 290, 289, 288, 198, 199, 382][303, 317, 346, 328, 345, 325, 318, 326, 327, 304, 299, 382]
[13, 14, 18, 15, 11, 12, 79, 76, 73, 71, 72, 63, 60, 62, 65, 130, 127, 128, 129, 182, 183, 186, 181, 185, 354, 355, 356, 357, 352, 221, 225, 217, 214, 216, 215, 379, 223, 220, 218, 381][118, 120, 370, 243, 242, 241, 240, 52, 53, 59, 56, 50, 48, 49, 51, 55, 127, 128, 129, 182, 183, 186, 181, 185, 354, 355, 356, 357, 352, 221, 225, 217, 214, 216, 215, 379, 223, 220, 218, 381][207, 206, 284, 285, 281, 280, 47, 239, 286, 287, 197, 196, 195, 194, 193, 191, 192, 204, 205, 211, 210, 209, 208, 313, 324, 297, 338, 337, 350, 348, 351, 213, 215, 379, 223, 220, 218, 381][19, 20, 8, 6, 7, 257, 258, 259, 260, 261, 262, 263, 3, 0, 1, 253, 252, 251, 28, 29, 23, 25, 24, 247, 63, 60, 61, 56, 50, 57, 239, 234, 288, 198, 199, 382][131, 126, 125, 188, 265, 149, 150, 134, 136, 138, 255, 256, 148, 144, 140, 139, 141, 276, 279, 278, 178, 176, 175, 177, 168, 166, 167, 378, 377, 376, 156, 155, 224, 219, 218, 381][119, 124, 371, 94, 93, 91, 92, 84, 240, 68, 90, 87, 85, 86, 100, 241, 242, 243, 370, 120, 118, 116, 117, 115, 113, 114, 121, 122, 123, 235, 198, 199, 382][380, 154, 153, 267, 152, 151, 141, 276, 279, 278, 178, 277, 272, 271, 292, 264, 291, 226, 222, 221, 225, 217, 214, 213, 366, 343, 331, 329, 328, 304, 299, 382][12, 79, 103, 104, 98, 99, 90, 68, 54, 67, 64, 56, 50, 48, 47, 179, 189, 298, 296, 295, 339, 340, 341, 336, 332, 334, 329, 328, 304, 299, 382][19, 18, 14, 13, 77, 76, 102, 97, 96, 89, 88, 85, 86, 105, 82, 107, 120, 118, 116, 117, 115, 113, 114, 121, 122, 123, 235, 198, 199, 382][256, 148, 144, 142, 143, 145, 146, 147, 154, 380, 270, 269, 268, 374, 372, 373, 375, 266, 166, 167, 378, 377, 376, 156, 155, 224, 219, 218, 381][9, 10, 17, 248, 78, 73, 69, 106, 90, 87, 85, 86, 105, 82, 107, 120, 118, 116, 117, 115, 113, 114, 121, 122, 123, 235, 198, 199, 382][9, 10, 21, 250, 31, 30, 249, 246, 245, 244, 74, 71, 70, 54, 67, 66, 58, 53, 57, 239, 234, 288, 198, 199, 382][83, 95, 96, 89, 88, 85, 86, 105, 82, 107, 120, 118, 116, 117, 115, 113, 114, 121, 122, 123, 235, 198, 199, 382][42, 137, 38, 37, 36, 35, 34, 33, 32, 22, 41, 39, 133, 65, 55, 179, 47, 239, 234, 288, 198, 199, 382][5, 4, 2, 0, 1, 254, 26, 27, 25, 24, 247, 63, 60, 61, 56, 50, 57, 239, 234, 288, 198, 199, 382][152, 151, 141, 276, 279, 278, 178, 277, 272, 271, 293, 294, 173, 172, 162, 161, 163, 164, 171, 170, 169, 381][347, 365, 364, 343, 342, 333, 332, 336, 335, 344, 330, 329, 320, 321, 316, 319, 318, 326, 327, 304, 299, 382][202, 203, 201, 200, 306, 305, 301, 300, 302, 311, 312, 314, 315, 316, 319, 318, 326, 327, 304, 299, 382][180, 353, 358, 359, 360, 361, 362, 363, 349, 348, 350, 337, 367, 343, 331, 329, 328, 304, 299, 382][46, 45, 43, 44, 41, 39, 133, 135, 132, 130, 127, 55, 179, 47, 239, 234, 288, 198, 199, 382][201, 200, 307, 208, 313, 324, 297, 338, 337, 350, 348, 351, 213, 215, 379, 223, 220, 218, 381][230, 231, 229, 227, 157, 158, 171, 164, 174, 165, 160, 159, 156, 155, 224, 219, 218, 381][140, 139, 141, 275, 274, 273, 149, 131, 125, 182, 179, 47, 239, 234, 288, 198, 199, 382][371, 94, 369, 84, 240, 52, 53, 59, 56, 50, 57, 239, 234, 288, 198, 199, 382][80, 81, 107, 120, 118, 116, 117, 115, 113, 114, 121, 122, 123, 235, 198, 199, 382][323, 322, 310, 309, 308, 297, 338, 337, 367, 343, 331, 329, 328, 304, 299, 382][94, 371, 124, 110, 108, 195, 196, 197, 287, 286, 290, 289, 288, 198, 199, 382][202, 190, 191, 193, 194, 195, 196, 197, 287, 286, 290, 289, 288, 198, 199, 382][188, 187, 184, 181, 186, 183, 182, 179, 47, 239, 234, 288, 198, 199, 382][113, 112, 109, 111, 238, 237, 236, 233, 232, 234, 288, 198, 199, 382][41, 39, 40, 75, 62, 56, 50, 57, 239, 234, 288, 198, 199, 382][330, 344, 335, 347, 365, 364, 343, 366, 368, 379, 223, 220, 218, 381][158, 157, 227, 228, 173, 172, 162, 161, 163, 164, 171, 170, 169, 381][303, 317, 346, 328, 345, 325, 318, 326, 327, 304, 299, 382][204, 192, 283, 282, 239, 286, 290, 289, 288, 198, 199, 382]
[13, 14, 18, 15, 11, 12, 79, 76, 73, 71, 72, 63, 60, 62, 65, 130, 127, 128, 129, 182, 183, 186, 181, 185, 354, 355, 356, 357, 352, 221, 225, 217, 214, 216, 215, 379, 223, 220, 218, 381][370, 243, 242, 241, 240, 52, 53, 59, 56, 50, 48, 49, 51, 55, 127, 128, 129, 182, 183, 186, 181, 185, 354, 355, 356, 357, 352, 221, 225, 217, 214, 216, 215, 379, 223, 220, 218, 381][207, 206, 284, 285, 281, 280, 47, 239, 286, 287, 197, 196, 195, 194, 193, 191, 192, 204, 205, 211, 210, 209, 208, 313, 324, 297, 338, 337, 350, 348, 351, 213, 215, 379, 223, 220, 218, 381][19, 20, 8, 6, 7, 257, 258, 259, 260, 261, 262, 263, 3, 0, 1, 253, 252, 251, 28, 29, 23, 25, 24, 247, 63, 60, 61, 56, 50, 57, 239, 234, 288, 198, 199, 382][131, 126, 125, 188, 265, 149, 150, 134, 136, 138, 255, 256, 148, 144, 140, 139, 141, 276, 279, 278, 178, 176, 175, 177, 168, 166, 167, 378, 377, 376, 156, 155, 224, 219, 218, 381][119, 124, 371, 94, 93, 91, 92, 84, 240, 68, 90, 87, 85, 86, 100, 241, 242, 243, 370, 120, 118, 116, 117, 115, 113, 114, 121, 122, 123, 235, 198, 199, 382][12, 79, 103, 104, 98, 99, 90, 68, 54, 67, 64, 56, 50, 48, 47, 179, 189, 298, 296, 295, 339, 340, 341, 336, 332, 334, 329, 328, 304, 299, 382][19, 18, 14, 13, 77, 76, 102, 97, 96, 89, 88, 85, 86, 105, 82, 107, 120, 118, 116, 117, 115, 113, 114, 121, 122, 123, 235, 198, 199, 382][256, 148, 144, 142, 143, 145, 146, 147, 154, 380, 270, 269, 268, 374, 372, 373, 375, 266, 166, 167, 378, 377, 376, 156, 155, 224, 219, 218, 381][9, 10, 17, 248, 78, 73, 69, 106, 90, 87, 85, 86, 105, 82, 107, 120, 118, 116, 117, 115, 113, 114, 121, 122, 123, 235, 198, 199, 382][9, 10, 21, 250, 31, 30, 249, 246, 245, 244, 74, 71, 70, 54, 67, 66, 58, 53, 57, 239, 234, 288, 198, 199, 382][217, 225, 221, 222, 226, 291, 264, 292, 271, 293, 294, 173, 228, 227, 229, 231, 230, 159, 156, 155, 224, 219, 218, 381][83, 95, 96, 89, 88, 85, 86, 105, 82, 107, 120, 118, 116, 117, 115, 113, 114, 121, 122, 123, 235, 198, 199, 382][42, 137, 38, 37, 36, 35, 34, 33, 32, 22, 41, 39, 133, 65, 55, 179, 47, 239, 234, 288, 198, 199, 382][5, 4, 2, 0, 1, 254, 26, 27, 25, 24, 247, 63, 60, 61, 56, 50, 57, 239, 234, 288, 198, 199, 382][152, 151, 141, 276, 279, 278, 178, 277, 272, 271, 293, 294, 173, 172, 162, 161, 163, 164, 171, 170, 169, 381][347, 365, 364, 343, 342, 333, 332, 336, 335, 344, 330, 329, 320, 321, 316, 319, 318, 326, 327, 304, 299, 382][202, 203, 201, 200, 306, 305, 301, 300, 302, 311, 312, 314, 315, 316, 319, 318, 326, 327, 304, 299, 382][154, 153, 267, 152, 151, 141, 275, 274, 273, 149, 131, 125, 182, 179, 47, 239, 234, 288, 198, 199, 382][180, 353, 358, 359, 360, 361, 362, 363, 349, 348, 350, 337, 367, 343, 331, 329, 328, 304, 299, 382][46, 45, 43, 44, 41, 39, 133, 135, 132, 130, 127, 55, 179, 47, 239, 234, 288, 198, 199, 382][201, 200, 307, 208, 313, 324, 297, 338, 337, 350, 348, 351, 213, 215, 379, 223, 220, 218, 381][230, 231, 229, 227, 157, 158, 171, 164, 174, 165, 160, 159, 156, 155, 224, 219, 218, 381][80, 81, 107, 120, 118, 116, 117, 115, 113, 114, 121, 122, 123, 235, 198, 199, 382][371, 94, 369, 84, 240, 52, 53, 59, 56, 50, 57, 239, 234, 288, 198, 199, 382][202, 190, 191, 193, 194, 195, 196, 197, 287, 286, 290, 289, 288, 198, 199, 382][323, 322, 310, 309, 308, 297, 338, 337, 367, 343, 331, 329, 328, 304, 299, 382][94, 371, 124, 110, 108, 195, 196, 197, 287, 286, 290, 289, 288, 198, 199, 382][188, 187, 184, 181, 186, 183, 182, 179, 47, 239, 234, 288, 198, 199, 382][113, 112, 109, 111, 238, 237, 236, 233, 232, 234, 288, 198, 199, 382][41, 39, 40, 75, 62, 56, 50, 57, 239, 234, 288, 198, 199, 382][330, 344, 335, 347, 365, 364, 343, 366, 368, 379, 223, 220, 218, 381][41, 39, 40, 75, 62, 56, 50, 57, 239, 234, 288, 198, 199, 382][303, 317, 346, 328, 345, 325, 318, 326, 327, 304, 299, 382][204, 192, 283, 282, 239, 286, 290, 289, 288, 198, 199, 382]
[13, 14, 18, 15, 11, 12, 79, 76, 73, 71, 72, 63, 60, 62, 65, 130, 127, 128, 129, 182, 183, 186, 181, 185, 354, 355, 356, 357, 352, 221, 225, 217, 214, 216, 215, 379, 223, 220, 218, 381][370, 243, 242, 241, 240, 52, 53, 59, 56, 50, 48, 49, 51, 55, 127, 128, 129, 182, 183, 186, 181, 185, 354, 355, 356, 357, 352, 221, 225, 217, 214, 216, 215, 379, 223, 220, 218, 381][19, 20, 8, 6, 7, 257, 258, 259, 260, 261, 262, 263, 3, 0, 1, 253, 252, 251, 28, 29, 23, 25, 24, 247, 63, 60, 61, 56, 50, 57, 239, 234, 288, 198, 199, 382][131, 126, 125, 188, 265, 149, 150, 134, 136, 138, 255, 256, 148, 144, 140, 139, 141, 276, 279, 278, 178, 176, 175, 177, 168, 166, 167, 378, 377, 376, 156, 155, 224, 219, 218, 381][119, 124, 371, 94, 93, 91, 92, 84, 240, 68, 90, 87, 85, 86, 100, 241, 242, 243, 370, 120, 118, 116, 117, 115, 113, 114, 121, 122, 123, 235, 198, 199, 382][12, 79, 103, 104, 98, 99, 90, 68, 54, 67, 64, 56, 50, 48, 47, 179, 189, 298, 296, 295, 339, 340, 341, 336, 332, 334, 329, 328, 304, 299, 382][245, 246, 72, 63, 75, 62, 56, 50, 57, 239, 47, 280, 281, 285, 284, 206, 207, 208, 313, 324, 297, 338, 337, 367, 343, 331, 329, 328, 304, 299, 382][19, 18, 14, 13, 77, 76, 102, 97, 96, 89, 88, 85, 86, 105, 82, 107, 120, 118, 116, 117, 115, 113, 114, 121, 122, 123, 235, 198, 199, 382][256, 148, 144, 142, 143, 145, 146, 147, 154, 380, 270, 269, 268, 374, 372, 373, 375, 266, 166, 167, 378, 377, 376, 156, 155, 224, 219, 218, 381][9, 10, 17, 248, 78, 73, 69, 106, 90, 87, 85, 86, 105, 82, 107, 120, 118, 116, 117, 115, 113, 114, 121, 122, 123, 235, 198, 199, 382][9, 10, 21, 250, 31, 30, 249, 246, 245, 244, 74, 71, 70, 54, 67, 66, 58, 53, 57, 239, 234, 288, 198, 199, 382][217, 225, 221, 222, 226, 291, 264, 292, 271, 293, 294, 173, 228, 227, 229, 231, 230, 159, 156, 155, 224, 219, 218, 381][83, 95, 96, 89, 88, 85, 86, 105, 82, 107, 120, 118, 116, 117, 115, 113, 114, 121, 122, 123, 235, 198, 199, 382][42, 137, 38, 37, 36, 35, 34, 33, 32, 22, 41, 39, 133, 65, 55, 179, 47, 239, 234, 288, 198, 199, 382][5, 4, 2, 0, 1, 254, 26, 27, 25, 24, 247, 63, 60, 61, 56, 50, 57, 239, 234, 288, 198, 199, 382][347, 365, 364, 343, 342, 333, 332, 336, 335, 344, 330, 329, 320, 321, 316, 319, 318, 326, 327, 304, 299, 382][152, 151, 141, 276, 279, 278, 178, 277, 272, 271, 293, 294, 173, 172, 162, 161, 163, 164, 171, 170, 169, 381][202, 203, 201, 200, 306, 305, 301, 300, 302, 311, 312, 314, 315, 316, 319, 318, 326, 327, 304, 299, 382][154, 153, 267, 152, 151, 141, 275, 274, 273, 149, 131, 125, 182, 179, 47, 239, 234, 288, 198, 199, 382][180, 353, 358, 359, 360, 361, 362, 363, 349, 348, 350, 337, 367, 343, 331, 329, 328, 304, 299, 382][46, 45, 43, 44, 41, 39, 133, 135, 132, 130, 127, 55, 179, 47, 239, 234, 288, 198, 199, 382][201, 200, 307, 208, 313, 324, 297, 338, 337, 350, 348, 351, 213, 215, 379, 223, 220, 218, 381][230, 231, 229, 227, 157, 158, 171, 164, 174, 165, 160, 159, 156, 155, 224, 219, 218, 381][371, 94, 369, 84, 240, 52, 53, 59, 56, 50, 57, 239, 234, 288, 198, 199, 382][211, 210, 209, 208, 313, 324, 297, 338, 337, 367, 343, 331, 329, 328, 304, 299, 382][80, 81, 107, 120, 118, 116, 117, 115, 113, 114, 121, 122, 123, 235, 198, 199, 382][202, 190, 191, 193, 194, 195, 196, 197, 287, 286, 290, 289, 288, 198, 199, 382][323, 322, 310, 309, 308, 297, 338, 337, 367, 343, 331, 329, 328, 304, 299, 382][94, 371, 124, 110, 108, 195, 196, 197, 287, 286, 290, 289, 288, 198, 199, 382][188, 187, 184, 181, 186, 183, 182, 179, 47, 239, 234, 288, 198, 199, 382][113, 112, 109, 111, 238, 237, 236, 233, 232, 234, 288, 198, 199, 382][330, 344, 335, 347, 365, 364, 343, 366, 368, 379, 223, 220, 218, 381][41, 39, 40, 75, 62, 56, 50, 57, 239, 234, 288, 198, 199, 382][303, 317, 346, 328, 345, 325, 318, 326, 327, 304, 299, 382][204, 192, 283, 282, 239, 286, 290, 289, 288, 198, 199, 382]
[248, 249, 246, 247, 40, 39, 42, 137, 135, 138, 255, 256, 148, 144, 142, 143, 145, 146, 147, 154, 380, 270, 269, 268, 374, 372, 373, 375, 266, 166, 167, 378, 377, 376, 156, 155, 224, 219, 218, 381][13, 14, 18, 15, 11, 12, 79, 76, 73, 71, 72, 63, 60, 62, 65, 130, 127, 128, 129, 182, 183, 186, 181, 185, 354, 355, 356, 357, 352, 221, 225, 217, 214, 216, 215, 379, 223, 220, 218, 381][118, 120, 370, 243, 242, 241, 240, 52, 53, 59, 56, 50, 48, 49, 51, 55, 127, 128, 129, 182, 183, 186, 181, 185, 354, 355, 356, 357, 352, 221, 225, 217, 214, 216, 215, 379, 223, 220, 218, 381][207, 206, 284, 285, 281, 280, 47, 239, 286, 287, 197, 196, 195, 194, 193, 191, 192, 204, 205, 211, 210, 209, 208, 313, 324, 297, 338, 337, 350, 348, 351, 213, 215, 379, 223, 220, 218, 381][19, 20, 8, 6, 7, 257, 258, 259, 260, 261, 262, 263, 3, 0, 1, 253, 252, 251, 28, 29, 23, 25, 24, 247, 63, 60, 61, 56, 50, 57, 239, 234, 288, 198, 199, 382][131, 126, 125, 188, 265, 149, 150, 134, 136, 138, 255, 256, 148, 144, 140, 139, 141, 276, 279, 278, 178, 176, 175, 177, 168, 166, 167, 378, 377, 376, 156, 155, 224, 219, 218, 381][119, 124, 371, 94, 93, 91, 92, 84, 240, 68, 90, 87, 85, 86, 100, 241, 242, 243, 370, 120, 118, 116, 117, 115, 113, 114, 121, 122, 123, 235, 198, 199, 382][12, 79, 103, 104, 98, 99, 90, 68, 54, 67, 64, 56, 50, 48, 47, 179, 189, 298, 296, 295, 339, 340, 341, 336, 332, 334, 329, 328, 304, 299, 382][19, 18, 14, 13, 77, 76, 102, 97, 96, 89, 88, 85, 86, 105, 82, 107, 120, 118, 116, 117, 115, 113, 114, 121, 122, 123, 235, 198, 199, 382][9, 10, 17, 248, 78, 73, 69, 106, 90, 87, 85, 86, 105, 82, 107, 120, 118, 116, 117, 115, 113, 114, 121, 122, 123, 235, 198, 199, 382][9, 10, 21, 250, 31, 30, 249, 246, 245, 244, 74, 71, 70, 54, 67, 66, 58, 53, 57, 239, 234, 288, 198, 199, 382][217, 225, 221, 222, 226, 291, 264, 292, 271, 293, 294, 173, 228, 227, 229, 231, 230, 159, 156, 155, 224, 219, 218, 381][83, 95, 96, 89, 88, 85, 86, 105, 82, 107, 120, 118, 116, 117, 115, 113, 114, 121, 122, 123, 235, 198, 199, 382][42, 137, 38, 37, 36, 35, 34, 33, 32, 22, 41, 39, 133, 65, 55, 179, 47, 239, 234, 288, 198, 199, 382][5, 4, 2, 0, 1, 254, 26, 27, 25, 24, 247, 63, 60, 61, 56, 50, 57, 239, 234, 288, 198, 199, 382][152, 151, 141, 276, 279, 278, 178, 277, 272, 271, 293, 294, 173, 172, 162, 161, 163, 164, 171, 170, 169, 381][347, 365, 364, 343, 342, 333, 332, 336, 335, 344, 330, 329, 320, 321, 316, 319, 318, 326, 327, 304, 299, 382][202, 203, 201, 200, 306, 305, 301, 300, 302, 311, 312, 314, 315, 316, 319, 318, 326, 327, 304, 299, 382][154, 153, 267, 152, 151, 141, 275, 274, 273, 149, 131, 125, 182, 179, 47, 239, 234, 288, 198, 199, 382][180, 353, 358, 359, 360, 361, 362, 363, 349, 348, 350, 337, 367, 343, 331, 329, 328, 304, 299, 382][46, 45, 43, 44, 41, 39, 133, 135, 132, 130, 127, 55, 179, 47, 239, 234, 288, 198, 199, 382][201, 200, 307, 208, 313, 324, 297, 338, 337, 350, 348, 351, 213, 215, 379, 223, 220, 218, 381][230, 231, 229, 227, 157, 158, 171, 164, 174, 165, 160, 159, 156, 155, 224, 219, 218, 381][140, 139, 141, 275, 274, 273, 149, 131, 125, 182, 179, 47, 239, 234, 288, 198, 199, 382][371, 94, 369, 84, 240, 52, 53, 59, 56, 50, 57, 239, 234, 288, 198, 199, 382][80, 81, 107, 120, 118, 116, 117, 115, 113, 114, 121, 122, 123, 235, 198, 199, 382][323, 322, 310, 309, 308, 297, 338, 337, 367, 343, 331, 329, 328, 304, 299, 382][94, 371, 124, 110, 108, 195, 196, 197, 287, 286, 290, 289, 288, 198, 199, 382][202, 190, 191, 193, 194, 195, 196, 197, 287, 286, 290, 289, 288, 198, 199, 382][188, 187, 184, 181, 186, 183, 182, 179, 47, 239, 234, 288, 198, 199, 382][330, 344, 335, 347, 365, 364, 343, 366, 368, 379, 223, 220, 218, 381][113, 112, 109, 111, 238, 237, 236, 233, 232, 234, 288, 198, 199, 382][41, 39, 40, 75, 62, 56, 50, 57, 239, 234, 288, 198, 199, 382][303, 317, 346, 328, 345, 325, 318, 326, 327, 304, 299, 382][204, 192, 283, 282, 239, 286, 290, 289, 288, 198, 199, 382]
[214, 216, 215, 213, 351, 348, 349, 363, 362, 361, 360, 359, 358, 353, 298, 189, 280, 281, 285, 284, 206, 204, 205, 211, 210, 209, 208, 313, 324, 297, 338, 337, 367, 343, 331, 329, 328, 304, 299, 382][13, 14, 18, 15, 11, 12, 79, 76, 73, 71, 72, 63, 60, 62, 65, 130, 127, 128, 129, 182, 183, 186, 181, 185, 354, 355, 356, 357, 352, 221, 225, 217, 214, 216, 215, 379, 223, 220, 218, 381][248, 249, 24, 247, 40, 39, 42, 137, 135, 138, 255, 256, 148, 144, 142, 143, 145, 146, 147, 154, 380, 270, 269, 268, 374, 372, 373, 375, 266, 166, 167, 378, 377, 376, 156, 155, 224, 219, 218, 381][118, 120, 370, 243, 242, 241, 240, 52, 53, 59, 56, 50, 48, 49, 51, 55, 127, 128, 129, 182, 183, 186, 181, 185, 354, 355, 356, 357, 352, 221, 225, 217, 214, 216, 215, 379, 223, 220, 218, 381][131, 126, 125, 188, 265, 149, 150, 134, 136, 138, 255, 256, 148, 144, 140, 139, 141, 276, 279, 278, 178, 176, 175, 177, 168, 166, 167, 378, 377, 376, 156, 155, 224, 219, 218, 381][19, 20, 8, 6, 7, 257, 258, 259, 260, 261, 262, 263, 3, 0, 1, 253, 252, 251, 28, 29, 23, 25, 24, 247, 63, 60, 61, 56, 50, 57, 239, 234, 288, 198, 199, 382][119, 124, 371, 94, 93, 91, 92, 84, 240, 68, 90, 87, 85, 86, 100, 241, 242, 243, 370, 120, 118, 116, 117, 115, 113, 114, 121, 122, 123, 235, 198, 199, 382][380, 154, 153, 267, 152, 151, 141, 276, 279, 278, 178, 277, 272, 271, 292, 264, 291, 226, 222, 221, 225, 217, 214, 213, 366, 343, 331, 329, 328, 304, 299, 382][12, 79, 103, 104, 98, 99, 90, 68, 54, 67, 64, 56, 50, 48, 47, 179, 189, 298, 296, 295, 339, 340, 341, 336, 332, 334, 329, 328, 304, 299, 382][19, 18, 14, 13, 77, 76, 102, 97, 96, 89, 88, 85, 86, 105, 82, 107, 120, 118, 116, 117, 115, 113, 114, 121, 122, 123, 235, 198, 199, 382][9, 10, 17, 248, 78, 73, 69, 106, 90, 87, 85, 86, 105, 82, 107, 120, 118, 116, 117, 115, 113, 114, 121, 122, 123, 235, 198, 199, 382][9, 10, 21, 250, 31, 30, 249, 246, 245, 244, 74, 71, 70, 54, 67, 66, 58, 53, 57, 239, 234, 288, 198, 199, 382][217, 225, 221, 222, 226, 291, 264, 292, 271, 293, 294, 173, 228, 227, 229, 231, 230, 159, 156, 155, 224, 219, 218, 381][83, 95, 96, 89, 88, 85, 86, 105, 82, 107, 120, 118, 116, 117, 115, 113, 114, 121, 122, 123, 235, 198, 199, 382][5, 4, 2, 0, 1, 254, 26, 27, 25, 24, 247, 63, 60, 61, 56, 50, 57, 239, 234, 288, 198, 199, 382][42, 137, 38, 37, 36, 35, 34, 33, 32, 22, 41, 39, 133, 65, 55, 179, 47, 239, 234, 288, 198, 199, 382][347, 365, 364, 343, 342, 333, 332, 336, 335, 344, 330, 329, 320, 321, 316, 319, 318, 326, 327, 304, 299, 382][202, 203, 201, 200, 306, 305, 301, 300, 302, 311, 312, 314, 315, 316, 319, 318, 326, 327, 304, 299, 382][154, 153, 267, 152, 151, 141, 275, 274, 273, 149, 131, 125, 182, 179, 47, 239, 234, 288, 198, 199, 382][46, 45, 43, 44, 41, 39, 133, 135, 132, 130, 127, 55, 179, 47, 239, 234, 288, 198, 199, 382][180, 353, 358, 359, 360, 361, 362, 363, 349, 348, 350, 337, 367, 343, 331, 329, 328, 304, 299, 382][201, 200, 307, 208, 313, 324, 297, 338, 337, 350, 348, 351, 213, 215, 379, 223, 220, 218, 381][230, 231, 229, 227, 157, 158, 171, 164, 174, 165, 160, 159, 156, 155, 224, 219, 218, 381][371, 94, 369, 84, 240, 52, 53, 59, 56, 50, 57, 239, 234, 288, 198, 199, 382][80, 81, 107, 120, 118, 116, 117, 115, 113, 114, 121, 122, 123, 235, 198, 199, 382][202, 190, 191, 193, 194, 195, 196, 197, 287, 286, 290, 289, 288, 198, 199, 382][323, 322, 310, 309, 308, 297, 338, 337, 367, 343, 331, 329, 328, 304, 299, 382][94, 371, 124, 110, 108, 195, 196, 197, 287, 286, 290, 289, 288, 198, 199, 382][188, 187, 184, 181, 186, 183, 182, 179, 47, 239, 234, 288, 198, 199, 382][158, 157, 227, 228, 173, 172, 162, 161, 163, 164, 171, 170, 169, 381][330, 344, 335, 347, 365, 364, 343, 366, 368, 379, 223, 220, 218, 381][113, 112, 109, 111, 238, 237, 236, 233, 232, 234, 288, 198, 199, 382][41, 39, 40, 75, 62, 56, 50, 57, 239, 234, 288, 198, 199, 382][303, 317, 346, 328, 345, 325, 318, 326, 327, 304, 299, 382][204, 192, 283, 282, 239, 286, 290, 289, 288, 198, 199, 382]
[13, 14, 18, 15, 11, 12, 79, 76, 73, 71, 72, 63, 60, 62, 65, 130, 127, 128, 129, 182, 183, 186, 181, 185, 354, 355, 356, 357, 352, 221, 225, 217, 214, 216, 215, 379, 223, 220, 218, 381][248, 249, 246, 247, 40, 39, 42, 137, 135, 138, 255, 256, 148, 144, 142, 143, 145, 146, 147, 154, 380, 270, 269, 268, 374, 372, 373, 375, 266, 166, 167, 378, 377, 376, 156, 155, 224, 219, 218, 381][118, 120, 370, 243, 242, 241, 240, 52, 53, 59, 56, 50, 48, 49, 51, 55, 127, 128, 129, 182, 183, 186, 181, 185, 354, 355, 356, 357, 352, 221, 225, 217, 214, 216, 215, 379, 223, 220, 218, 381][131, 126, 125, 188, 265, 149, 150, 134, 136, 138, 255, 256, 148, 144, 140, 139, 141, 276, 279, 278, 178, 176, 175, 177, 168, 166, 167, 378, 377, 376, 156, 155, 224, 219, 218, 381][19, 20, 8, 6, 7, 257, 258, 259, 260, 261, 262, 263, 3, 0, 1, 253, 252, 251, 28, 29, 23, 25, 24, 247, 63, 60, 61, 56, 50, 57, 239, 234, 288, 198, 199, 382][119, 124, 371, 94, 93, 91, 92, 84, 240, 68, 90, 87, 85, 86, 100, 241, 242, 243, 370, 120, 118, 116, 117, 115, 113, 114, 121, 122, 123, 235, 198, 199, 382][380, 154, 153, 267, 152, 151, 141, 276, 279, 278, 178, 277, 272, 271, 292, 264, 291, 226, 222, 221, 225, 217, 214, 213, 366, 343, 331, 329, 328, 304, 299, 382][12, 79, 103, 104, 98, 99, 90, 68, 54, 67, 64, 56, 50, 48, 47, 179, 189, 298, 296, 295, 339, 340, 341, 336, 332, 334, 329, 328, 304, 299, 382][245, 246, 72, 63, 75, 62, 56, 50, 57, 239, 47, 280, 281, 285, 284, 206, 207, 208, 313, 324, 297, 338, 337, 367, 343, 331, 329, 328, 304, 299, 382][19, 18, 14, 13, 77, 76, 102, 97, 96, 89, 88, 85, 86, 105, 82, 107, 120, 118, 116, 117, 115, 113, 114, 121, 122, 123, 235, 198, 199, 382][9, 10, 17, 248, 78, 73, 69, 106, 90, 87, 85, 86, 105, 82, 107, 120, 118, 116, 117, 115, 113, 114, 121, 122, 123, 235, 198, 199, 382][197, 196, 195, 194, 193, 191, 192, 204, 205, 211, 210, 209, 208, 313, 324, 297, 338, 337, 350, 348, 351, 213, 215, 379, 223, 220, 218, 381][9, 10, 21, 250, 31, 30, 249, 246, 245, 244, 74, 71, 70, 54, 67, 66, 58, 53, 57, 239, 234, 288, 198, 199, 382][83, 95, 96, 89, 88, 85, 86, 105, 82, 107, 120, 118, 116, 117, 115, 113, 114, 121, 122, 123, 235, 198, 199, 382][217, 225, 221, 222, 226, 291, 264, 292, 271, 293, 294, 173, 228, 227, 229, 231, 230, 159, 156, 155, 224, 219, 218, 381][42, 137, 38, 37, 36, 35, 34, 33, 32, 22, 41, 39, 133, 65, 55, 179, 47, 239, 234, 288, 198, 199, 382][5, 4, 2, 0, 1, 254, 26, 27, 25, 24, 247, 63, 60, 61, 56, 50, 57, 239, 234, 288, 198, 199, 382][347, 365, 364, 343, 342, 333, 332, 336, 335, 344, 330, 329, 320, 321, 316, 319, 318, 326, 327, 304, 299, 382][202, 203, 201, 200, 306, 305, 301, 300, 302, 311, 312, 314, 315, 316, 319, 318, 326, 327, 304, 299, 382][180, 353, 358, 359, 360, 361, 362, 363, 349, 348, 350, 337, 367, 343, 331, 329, 328, 304, 299, 382][46, 45, 43, 44, 41, 39, 133, 135, 132, 130, 127, 55, 179, 47, 239, 234, 288, 198, 199, 382][201, 200, 307, 208, 313, 324, 297, 338, 337, 350, 348, 351, 213, 215, 379, 223, 220, 218, 381][230, 231, 229, 227, 157, 158, 171, 164, 174, 165, 160, 159, 156, 155, 224, 219, 218, 381][140, 139, 141, 275, 274, 273, 149, 131, 125, 182, 179, 47, 239, 234, 288, 198, 199, 382][371, 94, 369, 84, 240, 52, 53, 59, 56, 50, 57, 239, 234, 288, 198, 199, 382][80, 81, 107, 120, 118, 116, 117, 115, 113, 114, 121, 122, 123, 235, 198, 199, 382][202, 190, 191, 193, 194, 195, 196, 197, 287, 286, 290, 289, 288, 198, 199, 382][323, 322, 310, 309, 308, 297, 338, 337, 367, 343, 331, 329, 328, 304, 299, 382][94, 371, 124, 110, 108, 195, 196, 197, 287, 286, 290, 289, 288, 198, 199, 382][188, 187, 184, 181, 186, 183, 182, 179, 47, 239, 234, 288, 198, 199, 382][158, 157, 227, 228, 173, 172, 162, 161, 163, 164, 171, 170, 169, 381][113, 112, 109, 111, 238, 237, 236, 233, 232, 234, 288, 198, 199, 382][330, 344, 335, 347, 365, 364, 343, 366, 368, 379, 223, 220, 218, 381][303, 317, 346, 328, 345, 325, 318, 326, 327, 304, 299, 382][204, 192, 283, 282, 239, 286, 290, 289, 288, 198, 199, 382]
[118, 120, 370, 243, 242, 241, 240, 52, 53, 59, 56, 50, 48, 49, 51, 55, 127, 128, 129, 182, 183, 186, 181, 185, 354, 355, 356, 357, 352, 221, 225, 217, 214, 216, 215, 379, 223, 220, 218, 381][248, 249, 246, 247, 40, 39, 42, 137, 135, 138, 255, 256, 148, 144, 142, 143, 145, 146, 147, 154, 380, 270, 269, 268, 374, 372, 373, 375, 266, 166, 167, 378, 377, 376, 156, 155, 224, 219, 218, 381][13, 14, 18, 15, 11, 12, 79, 76, 73, 71, 72, 63, 60, 62, 65, 130, 127, 128, 129, 182, 183, 186, 181, 185, 354, 355, 356, 357, 352, 221, 225, 217, 214, 216, 215, 379, 223, 220, 218, 381][207, 206, 284, 285, 281, 280, 47, 239, 286, 287, 197, 196, 195, 194, 193, 191, 192, 204, 205, 211, 210, 209, 208, 313, 324, 297, 338, 337, 350, 348, 351, 213, 215, 379, 223, 220, 218, 381][19, 20, 8, 6, 7, 257, 258, 259, 260, 261, 262, 263, 3, 0, 1, 253, 252, 251, 28, 29, 23, 25, 24, 247, 63, 60, 61, 56, 50, 57, 239, 234, 288, 198, 199, 382][131, 126, 125, 188, 265, 149, 150, 134, 136, 138, 255, 256, 148, 144, 140, 139, 141, 276, 279, 278, 178, 176, 175, 177, 168, 166, 167, 378, 377, 376, 156, 155, 224, 219, 218, 381][119, 124, 371, 94, 93, 91, 92, 84, 240, 68, 90, 87, 85, 86, 100, 241, 242, 243, 370, 120, 118, 116, 117, 115, 113, 114, 121, 122, 123, 235, 198, 199, 382][12, 79, 103, 104, 98, 99, 90, 68, 54, 67, 64, 56, 50, 48, 47, 179, 189, 298, 296, 295, 339, 340, 341, 336, 332, 334, 329, 328, 304, 299, 382][19, 18, 14, 13, 77, 76, 102, 97, 96, 89, 88, 85, 86, 105, 82, 107, 120, 118, 116, 117, 115, 113, 114, 121, 122, 123, 235, 198, 199, 382][9, 10, 17, 248, 78, 73, 69, 106, 90, 87, 85, 86, 105, 82, 107, 120, 118, 116, 117, 115, 113, 114, 121, 122, 123, 235, 198, 199, 382][9, 10, 21, 250, 31, 30, 249, 246, 245, 244, 74, 71, 70, 54, 67, 66, 58, 53, 57, 239, 234, 288, 198, 199, 382][217, 225, 221, 222, 226, 291, 264, 292, 271, 293, 294, 173, 228, 227, 229, 231, 230, 159, 156, 155, 224, 219, 218, 381][83, 95, 96, 89, 88, 85, 86, 105, 82, 107, 120, 118, 116, 117, 115, 113, 114, 121, 122, 123, 235, 198, 199, 382][42, 137, 38, 37, 36, 35, 34, 33, 32, 22, 41, 39, 133, 65, 55, 179, 47, 239, 234, 288, 198, 199, 382][5, 4, 2, 0, 1, 254, 26, 27, 25, 24, 247, 63, 60, 61, 56, 50, 57, 239, 234, 288, 198, 199, 382][347, 365, 364, 343, 342, 333, 332, 336, 335, 344, 330, 329, 320, 321, 316, 319, 318, 326, 327, 304, 299, 382][152, 151, 141, 276, 279, 278, 178, 277, 272, 271, 293, 294, 173, 172, 162, 161, 163, 164, 171, 170, 169, 381][202, 203, 201, 200, 306, 305, 301, 300, 302, 311, 312, 314, 315, 316, 319, 318, 326, 327, 304, 299, 382][154, 153, 267, 152, 151, 141, 275, 274, 273, 149, 131, 125, 182, 179, 47, 239, 234, 288, 198, 199, 382][180, 353, 358, 359, 360, 361, 362, 363, 349, 348, 350, 337, 367, 343, 331, 329, 328, 304, 299, 382][46, 45, 43, 44, 41, 39, 133, 135, 132, 130, 127, 55, 179, 47, 239, 234, 288, 198, 199, 382][201, 200, 307, 208, 313, 324, 297, 338, 337, 350, 348, 351, 213, 215, 379, 223, 220, 218, 381][230, 231, 229, 227, 157, 158, 171, 164, 174, 165, 160, 159, 156, 155, 224, 219, 218, 381][140, 139, 141, 275, 274, 273, 149, 131, 125, 182, 179, 47, 239, 234, 288, 198, 199, 382][80, 81, 107, 120, 118, 116, 117, 115, 113, 114, 121, 122, 123, 235, 198, 199, 382][371, 94, 369, 84, 240, 52, 53, 59, 56, 50, 57, 239, 234, 288, 198, 199, 382][94, 371, 124, 110, 108, 195, 196, 197, 287, 286, 290, 289, 288, 198, 199, 382][323, 322, 310, 309, 308, 297, 338, 337, 367, 343, 331, 329, 328, 304, 299, 382][202, 190, 191, 193, 194, 195, 196, 197, 287, 286, 290, 289, 288, 198, 199, 382][188, 187, 184, 181, 186, 183, 182, 179, 47, 239, 234, 288, 198, 199, 382][113, 112, 109, 111, 238, 237, 236, 233, 232, 234, 288, 198, 199, 382][330, 344, 335, 347, 365, 364, 343, 366, 368, 379, 223, 220, 218, 381][41, 39, 40, 75, 62, 56, 50, 57, 239, 234, 288, 198, 199, 382][303, 317, 346, 328, 345, 325, 318, 326, 327, 304, 299, 382][204, 192, 283, 282, 239, 286, 290, 289, 288, 198, 199, 382]
[13, 14, 18, 15, 11, 12, 79, 76, 73, 71, 72, 63, 60, 62, 65, 130, 127, 128, 129, 182, 183, 186, 181, 185, 354, 355, 356, 357, 352, 221, 225, 217, 214, 216, 215, 379, 223, 220, 218, 381][370, 243, 242, 241, 240, 52, 53, 59, 56, 50, 48, 49, 51, 55, 127, 128, 129, 182, 183, 186, 181, 185, 354, 355, 356, 357, 352, 221, 225, 217, 214, 216, 215, 379, 223, 220, 218, 381][19, 20, 8, 6, 7, 257, 258, 259, 260, 261, 262, 263, 3, 0, 1, 253, 252, 251, 28, 29, 23, 25, 24, 247, 63, 60, 61, 56, 50, 57, 239, 234, 288, 198, 199, 382][131, 126, 125, 188, 265, 149, 150, 134, 136, 138, 255, 256, 148, 144, 140, 139, 141, 276, 279, 278, 178, 176, 175, 177, 168, 166, 167, 378, 377, 376, 156, 155, 224, 219, 218, 381][119, 124, 371, 94, 93, 91, 92, 84, 240, 68, 90, 87, 85, 86, 100, 241, 242, 243, 370, 120, 118, 116, 117, 115, 113, 114, 121, 122, 123, 235, 198, 199, 382][12, 79, 103, 104, 98, 99, 90, 68, 54, 67, 64, 56, 50, 48, 47, 179, 189, 298, 296, 295, 339, 340, 341, 336, 332, 334, 329, 328, 304, 299, 382][245, 246, 72, 63, 75, 62, 56, 50, 57, 239, 47, 280, 281, 285, 284, 206, 207, 208, 313, 324, 297, 338, 337, 367, 343, 331, 329, 328, 304, 299, 382][19, 18, 14, 13, 77, 76, 102, 97, 96, 89, 88, 85, 86, 105, 82, 107, 120, 118, 116, 117, 115, 113, 114, 121, 122, 123, 235, 198, 199, 382][256, 148, 144, 142, 143, 145, 146, 147, 154, 380, 270, 269, 268, 374, 372, 373, 375, 266, 166, 167, 378, 377, 376, 156, 155, 224, 219, 218, 381][9, 10, 17, 248, 78, 73, 69, 106, 90, 87, 85, 86, 105, 82, 107, 120, 118, 116, 117, 115, 113, 114, 121, 122, 123, 235, 198, 199, 382][197, 196, 195, 194, 193, 191, 192, 204, 205, 211, 210, 209, 208, 313, 324, 297, 338, 337, 350, 348, 351, 213, 215, 379, 223, 220, 218, 381][9, 10, 21, 250, 31, 30, 249, 246, 245, 244, 74, 71, 70, 54, 67, 66, 58, 53, 57, 239, 234, 288, 198, 199, 382][83, 95, 96, 89, 88, 85, 86, 105, 82, 107, 120, 118, 116, 117, 115, 113, 114, 121, 122, 123, 235, 198, 199, 382][217, 225, 221, 222, 226, 291, 264, 292, 271, 293, 294, 173, 228, 227, 229, 231, 230, 159, 156, 155, 224, 219, 218, 381][42, 137, 38, 37, 36, 35, 34, 33, 32, 22, 41, 39, 133, 65, 55, 179, 47, 239, 234, 288, 198, 199, 382][5, 4, 2, 0, 1, 254, 26, 27, 25, 24, 247, 63, 60, 61, 56, 50, 57, 239, 234, 288, 198, 199, 382][152, 151, 141, 276, 279, 278, 178, 277, 272, 271, 293, 294, 173, 172, 162, 161, 163, 164, 171, 170, 169, 381][347, 365, 364, 343, 342, 333, 332, 336, 335, 344, 330, 329, 320, 321, 316, 319, 318, 326, 327, 304, 299, 382][202, 203, 201, 200, 306, 305, 301, 300, 302, 311, 312, 314, 315, 316, 319, 318, 326, 327, 304, 299, 382][154, 153, 267, 152, 151, 141, 275, 274, 273, 149, 131, 125, 182, 179, 47, 239, 234, 288, 198, 199, 382][180, 353, 358, 359, 360, 361, 362, 363, 349, 348, 350, 337, 367, 343, 331, 329, 328, 304, 299, 382][46, 45, 43, 44, 41, 39, 133, 135, 132, 130, 127, 55, 179, 47, 239, 234, 288, 198, 199, 382][201, 200, 307, 208, 313, 324, 297, 338, 337, 350, 348, 351, 213, 215, 379, 223, 220, 218, 381][230, 231, 229, 227, 157, 158, 171, 164, 174, 165, 160, 159, 156, 155, 224, 219, 218, 381][371, 94, 369, 84, 240, 52, 53, 59, 56, 50, 57, 239, 234, 288, 198, 199, 382][80, 81, 107, 120, 118, 116, 117, 115, 113, 114, 121, 122, 123, 235, 198, 199, 382][323, 322, 310, 309, 308, 297, 338, 337, 367, 343, 331, 329, 328, 304, 299, 382][94, 371, 124, 110, 108, 195, 196, 197, 287, 286, 290, 289, 288, 198, 199, 382][202, 190, 191, 193, 194, 195, 196, 197, 287, 286, 290, 289, 288, 198, 199, 382][284, 285, 206, 204, 192, 283, 282, 239, 286, 290, 289, 288, 198, 199, 382][188, 187, 184, 181, 186, 183, 182, 179, 47, 239, 234, 288, 198, 199, 382][113, 112, 109, 111, 238, 237, 236, 233, 232, 234, 288, 198, 199, 382][41, 39, 40, 75, 62, 56, 50, 57, 239, 234, 288, 198, 199, 382][330, 344, 335, 347, 365, 364, 343, 366, 368, 379, 223, 220, 218, 381][303, 317, 346, 328, 345, 325, 318, 326, 327, 304, 299, 382]
